922 6
632 47
128 77
30 34
153 93
595 31
508 58
198 21
820 22
481 64
380 82
292 39
760 78
210 65
943 45
640 63
215 92
481 28
92 35
200 97
149 3
166 44
549 29
570 83
224 90
286 15
718 52
688 26
135 86
172 55
591 43
27 85
451 75
752 44
61 64
519 71
471 15
183 97
110 54
793 70
80 74
207 58
279 35
949 60
787 39
98 44
58 14
165 100
269 99
704 60
132 53
696 76
751 36
898 43
196 36
970 87
777 4
767 39
74 41
338 93
554 44
529 56
157 85
56 49
936 40
288 86
278 13
587 98
338 3
474 99
725 53
114 34
836 11
590 5
159 54
663 42
565 74
68 99
500 85
667 97
305 52
2 24
666 100
870 14
568 14
890 54
563 62
464 90
81 42
409 100
932 75
58 89
65 39
29 26
697 7
177 97
250 61
67 68
903 25
892 59
622 5
861 37
882 85
488 48
282 28
860 15
327 39
521 61
431 79
667 11
60 11
812 18
324 68
603 8
649 17
168 22
76 42
182 14
392 45
387 97
988 12
95 78
345 62
956 55
510 31
731 61
534 83
374 1
448 62
839 80
879 86
66 77
95 58
141 20
782 77
142 83
990 21
227 23
756 71
127 40
722 63
627 88
736 33
535 49
619 90
584 28
499 90
793 39
211 44
375 37
17 49
899 52
356 60
166 27
657 91
61 71
852 64
84 70
875 82
935 41
574 11
493 82
635 23
578 16
687 67
881 90
180 53
152 56
255 15
714 58
211 73
218 32
323 32
535 92
395 30
319 51
514 16
512 5
266 22
448 4
323 49
182 12
510 25
842 5
500 19
474 95
226 38
422 28
112 69
690 60
221 17
44 97
498 10
214 88
929 31
489 52
55 83
60 11
436 20
520 35
894 36
609 15
30 52
966 77
744 26
762 15
237 79
727 46
353 93
268 15
465 46
115 95
106 55
77 54
695 66
646 69
629 16
743 61
930 62
1000 3
153 9
276 90
840 100
977 99
315 69
89 27
993 34
601 39
571 45
849 80
849 79
300 88
649 90
537 84
35 77
824 17
951 98
796 85
489 64
414 99
3 6
376 62
688 11
600 43
556 53
64 69
634 82
118 12
453 21
510 46
914 41
142 37
17 20
683 93
735 55
111 40
520 13
628 11
189 21
320 26
630 82
944 38
565 78
184 82
279 43
235 5
942 11
187 52
138 9
977 87
404 97
489 77
147 54
647 71
426 62
607 29
112 29
874 75
971 5
216 46
916 10
333 32
500 59
387 26
608 98
479 11
741 20
456 74
954 34
204 61
885 27
169 94
391 21
156 78
547 59
643 7
504 6
892 60
968 30
872 37
954 10
231 88
30 53
850 8
326 67
512 11
755 39
671 44
260 8
676 90
476 31
738 73
267 13
559 79
705 81
536 41
717 94
61 79
573 42
488 18
8 42
452 77
1 90
12 52
882 21
348 46
817 50
808 62
215 35
425 80
699 9
996 13
36 41
908 87
825 37
301 27
930 96
977 74
706 80
68 74
892 67
995 45
984 64
341 51
850 51
448 86
250 65
913 97
929 20
408 96
939 43
870 98
846 64
316 34
440 47
736 83
475 13
319 84
362 9
942 76
181 24
132 27
65 1
735 36
729 14
903 25
90 64
219 28
851 65
269 71
438 54
568 71
673 1
816 28
99 9
896 9
437 29
242 48
150 73
86 84
744 26
172 52
168 21
800 74
9 33
365 49
954 27
18 50
964 40
400 57
39 17
171 59
436 32
277 34
485 90
736 24
666 53
242 48
270 13
252 98
780 4
12 79
759 20
550 75
240 41
22 13
847 22
311 54
732 40
898 12
104 49
829 1
203 72
192 21
455 4
933 86
455 61
559 55
379 23
611 47
762 14
810 75
95 37
598 88
535 61
701 53
941 3
686 17
630 43
637 68
862 82
813 10
893 55
404 89
398 94
667 92
4 9
242 81
710 15
292 81
22 14
372 70
554 12
335 88
696 58
456 17
460 83
38 67
844 64
529 85
893 25
291 12
978 77
915 81
919 31
95 35
582 17
356 65
877 39
449 75
437 42
915 97
683 80
301 42
777 94
924 57
490 35
916 82
37 71
142 68
916 85
653 30
560 45
146 17
690 13
341 88
110 95
231 3
366 68
715 27
726 9
159 83
954 52
212 59
549 10
468 49
124 63
45 11
657 37
438 33
533 48
804 79
72 88
176 92
968 69
869 36
710 50
84 82
47 2
40 87
836 13
610 56
710 98
739 62
717 1
862 24
878 88
557 44
847 8
40 73
300 23
486 6
134 78
97 100
146 9
529 20
506 82
948 10
381 23
924 67
828 100
942 41
253 67
649 2
252 27
364 44
724 83
84 15
982 59
551 50
5 22
50 17
428 67
404 41
596 18
103 74
453 99
2 52
287 43
263 60
705 87
565 8
928 65
80 60
250 35
85 16
906 19
230 47
117 33
833 38
612 48
918 26
234 6
235 16
113 11
477 27
167 35
177 40
164 42
394 7
541 2
252 96
695 100
666 78
384 80
987 8
397 42
484 44
665 50
374 77
908 75
599 70
27 4
75 71
25 1
136 1
803 95
282 97
25 45
423 63
193 57
961 33
781 46
443 31
651 19
572 34
422 57
179 4
985 5
607 59
245 38
97 34
286 32
408 81
759 12
102 97
902 1
528 76
801 71
538 17
235 62
577 39
27 85
747 17
912 26
886 96
109 65
466 45
436 34
763 88
560 1
217 25
166 75
48 43
212 64
541 2
252 3
732 12
692 52
466 37
750 45
732 95
633 29
945 5
554 99
584 66
214 13
21 40
967 9
101 98
290 7
641 56
387 15
897 66
649 17
788 79
726 47
62 82
633 27
64 89
257 34
862 56
548 53
370 73
104 40
608 53
142 55
436 71
693 82
970 8
510 57
533 98
689 74
756 37
22 58
29 97
741 98
262 48
332 7
555 63
633 39
91 31
205 78
82 62
995 76
231 15
269 61
846 30
856 12
295 72
251 38
480 94
343 12
668 5
233 24
355 81
468 12
72 75
342 20
807 94
599 79
301 55
47 48
493 23
508 35
447 51
450 81
695 45
766 99
854 45
847 36
547 2
633 69
685 3
739 83
920 99
20 3
202 46
907 78
665 55
42 65
203 63
114 22
238 23
191 72
607 12
734 1
877 45
519 28
338 42
199 80
704 58
499 11
859 73
266 81
315 82
406 4
408 63
213 53
239 12
773 25
297 41
29 37
516 20
203 45
251 5
668 9
844 38
986 37
712 4
415 67
169 16
554 67
656 40
659 29
757 26
400 8
689 40
730 8
756 22
401 49
120 93
229 29
174 100
545 62
774 36
774 26
597 82
691 58
696 100
427 84
101 69
148 34
136 46
382 91
17 70
557 14
575 22
938 70
190 17
785 17
651 92
622 65
94 22
840 40
337 66
458 19
310 5
993 62
917 11
9 14
418 64
699 1
934 12
381 66
11 35
968 38
268 39
130 82
90 31
717 32
940 94
36 44
779 75
588 11
316 71
435 12
321 70
218 65
941 92
494 47
911 62
452 64
604 43
839 29
887 49
516 91
145 70
260 37
543 78
954 74
698 9
18 49
593 47
606 53
271 11
32 45
311 8
474 17
593 3
536 13
135 68
903 17
74 88
443 99
102 76
241 8
585 59
541 85
739 97
1 62
291 24
186 56
487 39
649 93
148 1
935 62
404 79
8 29
726 58
963 75
764 98
936 57
35 37
262 86
94 38
199 6
206 42
102 92
549 18
143 32
962 95
89 77
772 25
113 50
279 78
325 27
269 63
865 79
782 40
255 61
531 64
653 49
131 89
104 20
709 79
260 94
535 74
548 36
946 56
600 43
523 42
560 88
548 7
491 22
26 52
977 39
891 62
876 14
789 7
464 60
563 12
35 67
243 57
758 78
793 96
855 32
347 1
182 48
595 9
670 42
372 23
915 67
588 27
995 68
847 22
361 87
722 83
655 60
484 34
608 80
356 6
562 20
289 10
169 71
258 97
250 90
727 90
278 27
294 88
98 85
877 77
195 16
557 49
500 90
762 22
50 23
83 88
77 92
738 56
863 10
247 61
68 45
714 44
966 53
985 35
503 6
691 77
426 97
14 30
596 12
879 75
276 51
445 40
422 32
803 24
136 72
783 52
82 52
815 15
672 57
344 76
375 86
120 25
647 93
183 77
465 100
550 6
339 27
290 21
202 45
500 76
560 89
455 10
486 5
195 23
635 91
438 9
586 12
6 96
751 66
173 32
568 74
955 4
637 76
247 40
855 69
53 32
641 91
870 33
470 84
745 82
739 79
354 89
962 72
549 18
679 11
401 66
859 16
272 37
683 8
383 33
481 92
235 68
591 78
847 11
564 54
130 10
387 28
574 60
249 80
977 36
24 50
456 41
817 18
19 97
146 62
493 48
216 55
190 13
920 34
775 72
288 22
546 3
593 40
176 48
843 100
137 17
615 83
787 47
632 84
612 69
153 5
868 64
365 6
534 13
842 4
31 58
915 41
573 23
837 71
804 38
54 43
665 76
930 12
302 55
417 71
187 17
528 92
24 100
128 12
645 77
794 5
53 95
70 49
381 56
987 56
376 45
541 94
940 52
96 70
638 99
29 46
421 94
865 32
719 75
406 27
363 36
489 17
549 42
541 31
585 8
929 57
750 35
712 12
819 85
622 57
636 12
997 48
714 7
59 29
257 94
329 73
812 74
894 28
351 83
812 97
261 100
705 34
486 13
993 1
16 48
72 36
852 11
241 71
213 63
878 26
461 46
991 4
51 54
420 65
111 59
382 61
979 82
686 26
565 38
177 73
855 31
167 65
5 77
864 45
179 51
491 77
670 98
251 57
308 33
303 10
93 29
130 18
42 80
220 5
202 52
302 64
917 31
191 64
240 26
158 48
682 74
41 57
689 84
672 28
836 75
621 81
485 50
289 24
635 60
309 50
869 98
6 23
637 96
123 2
867 68
241 16
974 31
582 80
673 61
312 10
496 48
742 72
510 48
332 96
552 51
148 45
658 61
822 76
375 33
131 17
568 46
202 87
537 21
732 76
681 53
828 54
686 36
368 76
44 97
712 97
791 46
120 44
477 67
483 14
54 29
115 85
411 84
208 45
849 10
459 51
136 81
721 84
582 85
276 31
384 39
746 6
976 18
859 37
536 98
542 53
242 5
429 69
716 91
605 83
969 24
831 98
144 38
828 7
552 56
514 32
356 51
711 66
519 63
577 12
819 6
996 81
951 40
554 70
880 76
815 33
175 35
277 66
25 35
976 44
224 22
306 39
109 8
141 99
634 17
246 91
400 5
179 25
317 2
787 77
794 86
33 82
78 82
217 40
233 56
672 8
531 2
377 1
807 8
